48.5
50
49.64
45.69
44.4
51.42
51.42
55.86
50
56.26
60.4
62
61.8
61.5
59.5
66.16
68.28
69.8
72.1
72.54
73.5
75.5
75
76.78
75
74.4
74
72.5
74.14
73.9
76.88
74.5
73.56
75.48
76
76
81.9
83
84.8
85.86
84.9
85.72
85.64
85.76
85
85.42
85.02
86.02
85.98
85
82.7
82.02
85.88
86.5
86.5
85.82
85.98
85.48
85.14
84.28
85.46
84.4
84.9
83.7
85.8
84.62
82
81.36
81.88
82.3
79.9
88.52
89.92
91.02
93.62
92.36
93
93.62
94.4
94.12
94.04
96
97
100.95
102.25
101.9
102.3
102.4
105.8
105.35
108.3
107.9
107.95
105.6
106.8
106.1
105.6
103.35
103.6
106.5
107
106.4
104.3
102.2
102.8
101
101.85
101.95
101.65
102.8
102.8
100.7
102
99.8
96.84
97.62
99.12
98.54
98.5
98.04
98.2
97.3
96.16
94.04
92.62
92.24
94
93
93.6
94.5
94.06
91.3
88.5
87.52
88
88.96
91.22
89.32
89.56
89.6
89.92
89
89.94
90
89
89.86
90.08
91.5
92.24
89.5
91.42
94.52
94
94.48
97
96.5
97.12
97.02
96.24
96.58
98.62
99.2
100.3
99.46
99.3
99.2
97.1
95.72
96.18
96.68
97
96
94.5
93.62
94.84
94.6
96.12
96
90.58
90.98
90.74
90.5
89.4
90
90.36
89.52
89.6
91
89.6
89.68
90.1
91.94
91.84
91.5
90.9
92.42
93.98
95.8
97
97
94
94.58
92.7
91.5
90.78
89.1
91.42
92.5
92.04
93.5
90.32
87.8
87.96
88.4
87.86
88.5
91
93.24
97.38
97
98.4
99.48
99.8
100.5
100.8
101.6
101.4
101.15
101.15
102.3
101.65
100.75
101.35
100.85
101.7
100.55
99.3
98.7
101.55
103.3
100.65
100.25
98.9
98.9
98.14
99.76
98.6
99.5
101.15
101.45
101.5
101.85
102.9
102.5
102.4
101.95
103.7
103.4
101.75
102.55
101.6
101.2
101.3
102.5
103.3
105.6
105.6
105.8
104.05
104.5
101.8
102
103.1
103.2
103
104.75
103.05
103.2
103.7
105.85
104.4
103
105.1
104.75
105.5
106.05
105.3
108.05
108.5
113
110.75
110.2
111.9
111.2
111.6
111.3
111.1
109.4
109.6
108
109.2
107.5
104.7
103
106.5
108.15
108.15
106.05
105.6
104.1
107.5
107.25
107
107.5
111.05
112
111
106.8
106.2
106.3
107.85
108.5
107
107.9
111
112.75
110.5
105.35
101.55
102.2
104.05
102
101.25
101
99.3
97.62
98.98
95.04
97.22
96.44
93.82
97.7
95.6
96.62
93.5
93.4
91.1
88.42
85.26
90.2
91.46
92.5
93.88
94.16
95.44
98.44
95.8
96.3
94.8
92.9
97.84
95.16
97.5
99.7
98.5
99.5
101.1
101.9
101
100.2
100.3
100.8
97.66
97.94
99
101.1
100.5
99.2
104.15
105
104.85
102.2
103
101.15
101.9
98.2
100
98.5
97.7
100.9
99.98
99.2
98.5
96.6
98.14
97.14
97.98
95.98
98.2
97
96
92
93.1
93.02
93.18
93.46
93.66
91.92
93.06
93
95.3
93.32
94.96
93
90.7
89.62
87.22
84.3
81.2
84
81.8
82
82.16
82.88
84.2
83.8
85.94
84.32
86.9
83.3
82.08
82.84
83.7
82
83.3
82.3
82.2
83.3
82.64
81.62
81
84.4
85.42
85.3
87
85.32
87.48
87
90
86.78
84.5
81.5
81.76
85.02
85.2
85.26
83.1
83
86
84.2
86.54
83.92
85.56
87.12
86.5
85.24
86.5
82.3
81.5
85.22
86.2
89.92
90.2
90
86.4
87.22
88.86
88.22
89.24
88.1
88
91.32
91.78
91.4
89.38
88.8
93.3
92.78
89.52
87
87.4
84.26
84.56
85.78
87
86.34
87
90.02
86.14
87.44
88.44
91.02
92.1
94.04
96
95
92.1
94
92.72
93.4
92.52
95.4
96.46
98.76
94.28
94.2
93.58
94.54
95.68
94
94.1
95.46
97.16
96.9
95.4
94.98
94.54
100.45
101.4
99.4
103
105.65
109.25
107.5
108.5
109
106.6
110
113.1
112.7
107.4
109.4
110.2
109.35
106.7
106.5
107.5
107
107.25
110.9
107.4
106.5
106.9
106.8
109.6
112.5
111.5
110.85
108.25
109.5
108.5
106.65
105.05
104.95
105
101.5
111.35
112.65
113.65
110.9
108
107.35
112
116.4
122
122.75
119.5
122.05
119
120.95
121.85
119.95
115.9
122.7
126
124.8
124
122.95
123.5
124.75
126
129.3
129.2
128.5
130.7
129.8
127.5
125.4
123.45
123.7
122.2
122.4
124.9
131
131.3
132.1
130.7
134.45
133.2
132
132
126.8
124.7
126
125.6
122.1
121.5
122.7
122.75
120.15
120.3
119.5
126.25
125.55
125.25
126.75
126
125.3
126.5
126
120
118.65
118.5
117
117.2
117.85
117.45
118.5
118.35
119.25
115.05
115
109.15
107.75
107.6
108
105.35
107.6
106.7
106.7
106.45
107.35
108
105.55
106.2
106.95
107.05
107.9
106.85
106.5
105.1
108.8
106
106.15
107.2
109.5
110.7
112.3
113
113.5
111.5
111.1
107.08
109.02
108.63
108.05
110.58
108.05
108.05
109.61
111.36
109.75
110.48
112.92
115.89
114.28
115.84
113.84
114.67
111.94
109.07
107.86
108.1
108.63
108.59
107.56
106.01
101.77
102.94
102.7
103.18
105.13
103.09
102.7
105.62
103.52
103.18
107.37
108.05
107.08
103.18
106.4
112.43
112.63
111.6
114.72
114.67
117.78
116.08
112.92
113.55
112.38
113.89
117.49
116.81
115.16
110.19
109.12
108.05
109.02
107.56
105.13
103.62
101.72
100.8
101.53
101.29
103.23
103.38
99.83
100.99
101.77
101.53
99.68
101.33
102.7
98.9
99.29
103.67
104.45
102.21
101.04
100.46
98.32
97.21
96.03
96.45
94.81
94.96
93.94
92.7
93.93
92.04
92.25
91.89
93.5
91.77
93.9
90.48
90.04
91.53
87
85.56
84.59
83.71
86.12
82.1
81.79
82.25
81.28
79.68
79.82
79.81
79.53
81.14
79.34
80.79
80.06
80.5
80.32
84.2
83.47
83.42
83.13
83.91
84.08
83.57
85.95
85.95
86.93
83.82
82.94
83.71
82.84
82.74
83.46
83.75
83.71
84.15
82.74
82.74
84.86
83.71
81.42
82.74
79.81
78.39
80.11
79.33
78.37
78.31
78.27
74.27
75.06
75.44
74.23
74.95
74.82
75.59
76.22
73.99
73.98
69.94
69.84
72.92
72.47
71.53
71.06
72.05
71.45
71.94
72.17
73.45
73.2
75.64
73.59
72.92
71.98
70.09
68.64
68.14
68.33
68.13
66.02
66.24
67.17
67.3
67.31
67.32
67.95
65.37
65.6
65.51
64.34
63.56
63.63
62.79
63.52
63.27
63.21
63.44
65.46
64.65
64
63.27
62.47
62.15
61.13
61.57
61.52
61.81
62.79
63.75
62.53
62.93
62.98
63.29
63.19
64.05
63.27
63.25
63.36
63.71
63.48
64.3
63.27
63.27
62.54
63.27
64.73
65.51
64.73
63.48
63.2
62.84
62.76
60.89
61.17
61.33
61.13
61.52
63.18
63.76
63.21
62.3
63.08
63.24
64.82
63.7
61.81
61.03
62.3
62.46
60.74
61.14
63.07
62.87
63.35
64.15
64.31
65.63
65.29
66.4
66.3
64.77
55.67
65.94
65.1
64.45
64.87
64.07
62.93
63.96
64.56
63.23
64.16
65.1
64.92
64.16
65.67
65.01
65.1
65.58
65.26
65.39
66.55
65.48
64.6
64.91
62.65
63.78
64.21
65.34
64.85
65.15
64.24
62.08
63.07
63.09
63.02
63.41
64.77
65.24
66.19
64.44
65.68
66.05
65.77
67.93
69.25
68.97
67.35
67.56
68.25
67.63
66.52
67.08
66.73
66.45
67.2
68.24
69.16
68.12
68.91
66.05
67.23
65.58
63.69
64.18
64.18
