0
0.16
0.239
-0.127
-0.538
-0.087
0.253
0.977
0.878
1.459
2.313
3.086
3.595
3.886
3.806
4.399
5.055
5.648
6.149
6.468
6.635
6.94
6.909
6.891
6.535
6.08
5.581
4.964
4.494
3.984
3.765
3.202
2.641
2.335
2.101
1.812
2.189
2.584
3.031
3.414
3.541
3.605
3.626
3.56
3.406
3.306
3.108
3.012
2.9
2.573
2.031
1.467
1.398
1.382
1.304
1.148
1.007
0.851
0.643
0.363
0.258
0.049
-0.057
-0.191
-0.047
-0.103
-0.423
-0.735
-0.885
-0.941
-1.217
-0.484
0.238
0.874
1.639
2.046
2.397
2.638
2.865
3.029
3.114
3.337
3.551
4.116
4.49
4.632
4.676
4.608
4.842
4.874
5.101
5.139
5.069
4.643
4.323
3.903
3.393
2.643
2.114
1.979
1.887
1.68
1.249
0.623
0.196
-0.336
-0.628
-0.864
-1.052
-1.053
-0.982
-1.134
-1.139
-1.37
-1.835
-2.014
-1.926
-1.868
-1.768
-1.714
-1.643
-1.637
-1.743
-2.02
-2.331
-2.58
-2.474
-2.403
-2.248
-2.027
-1.878
-2.018
-2.392
-2.728
-2.864
-2.795
-2.406
-2.244
-2.059
-1.883
-1.679
-1.622
-1.453
-1.27
-1.175
-0.941
-0.701
-0.348
-0.005
-0.07
0.104
0.555
0.829
1.089
1.546
1.808
2.056
2.216
2.187
2.139
2.253
2.352
2.547
2.553
2.437
2.301
1.924
1.421
1.059
0.811
0.637
0.379
0.011
-0.398
-0.577
-0.749
-0.729
-0.711
-1.247
-1.568
-1.79
-1.938
-2.147
-2.204
-2.158
-2.163
-2.105
-1.873
-1.802
-1.716
-1.576
-1.165
-0.842
-0.626
-0.518
-0.237
0.151
0.642
1.141
1.492
1.39
1.389
1.17
0.875
0.545
0.068
-0.037
0.006
-0.037
0.052
-0.25
-0.764
-1.137
-1.318
-1.492
-1.521
-1.239
-0.758
0.097
0.664
1.21
1.715
2.091
2.474
2.812
3.127
3.299
3.34
3.322
3.333
3.176
2.841
2.588
2.293
2.109
1.795
1.389
0.953
0.864
0.952
0.705
0.439
0.056
-0.222
-0.492
-0.496
-0.618
-0.61
-0.395
-0.177
0.01
0.151
0.348
0.482
0.569
0.598
0.811
0.936
0.811
0.813
0.687
0.524
0.39
0.398
0.469
0.767
0.998
1.155
1.067
0.992
0.628
0.376
0.296
0.239
0.18
0.331
0.24
0.172
0.138
0.345
0.33
0.183
0.281
0.365
0.498
0.619
0.623
0.903
1.114
1.755
1.972
2.043
2.234
2.289
2.359
2.299
2.203
1.877
1.611
1.229
1.007
0.627
-0.025
-0.69
-0.807
-0.736
-0.653
-0.833
-1.022
-1.299
-1.109
-0.98
-0.873
-0.754
-0.228
0.315
0.683
0.441
0.167
-0.01
0.053
0.187
0.153
0.181
0.524
0.969
1.028
0.467
-0.399
-0.989
-1.182
-1.492
-1.768
-1.992
-2.339
-2.727
-2.858
-3.351
-3.465
-3.554
-3.769
-3.363
-3.214
-2.963
-3.057
-3.077
-3.275
-3.609
-4.095
-3.882
-3.446
-2.935
-2.306
-1.723
-1.199
-0.457
-0.175
0.167
0.26
0.163
0.668
0.798
1.066
1.491
1.616
1.796
2.067
2.284
2.304
2.216
2.128
2.075
1.69
1.311
1.121
1.11
1.013
0.798
1.137
1.442
1.611
1.441
1.408
1.134
0.981
0.479
0.259
-0.049
-0.423
-0.334
-0.326
-0.481
-0.676
-1.004
-1.028
-1.156
-1.127
-1.312
-1.136
-1.167
-1.258
-1.713
-1.935
-2.07
-2.12
-2.038
-1.876
-1.921
-1.801
-1.684
-1.303
-1.225
-0.981
-0.958
-1.121
-1.354
-1.725
-2.286
-3
-3.188
-3.498
-3.647
-3.682
-3.591
-3.308
-3.082
-2.61
-2.355
-1.863
-1.8
-1.802
-1.634
-1.411
-1.353
-1.15
-1.063
-0.985
-0.775
-0.668
-0.686
-0.733
-0.437
-0.049
0.236
0.597
0.639
0.938
1.059
1.467
1.407
1.086
0.528
0.143
0.232
0.257
0.287
0.045
-0.186
-0.012
-0.101
0.07
-0.122
-0.06
0.179
0.339
0.309
0.36
-0.07
-0.453
-0.296
-0.066
0.481
0.925
1.21
1.055
1.019
1.106
1.073
1.127
1.005
0.971
1.3
1.526
1.595
1.345
1.088
1.339
1.516
1.238
0.727
0.393
-0.221
-0.645
-0.815
-0.889
-1.029
-1.024
-0.652
-0.739
-0.714
-0.575
-0.175
0.282
0.837
1.489
1.858
1.772
1.866
1.812
1.818
1.659
1.86
2.075
2.477
2.225
1.95
1.591
1.363
1.265
1.019
0.8
0.785
0.916
0.979
0.826
0.593
0.325
0.806
1.271
1.398
1.856
2.454
3.263
3.602
3.899
4.073
3.884
4.051
4.469
4.682
4.138
3.82
3.621
3.256
2.601
1.988
1.593
1.182
0.864
1.03
0.697
0.259
-0.056
-0.258
-0.102
0.309
0.484
0.594
0.409
0.414
0.298
0.014
-0.416
-0.717
-0.882
-1.338
-0.597
0.025
0.571
0.696
0.47
0.235
0.529
1.231
2.355
3.265
3.585
4.014
3.99
3.982
3.982
3.718
3.089
3.329
3.816
3.902
3.759
3.379
3.05
2.896
2.806
3.063
3.11
3.068
3.244
3.283
2.883
2.218
1.458
0.917
0.372
0.012
-0.004
0.583
1.01
1.362
1.467
1.888
2.022
1.942
1.925
1.379
0.712
0.353
0.024
-0.63
-1.255
-1.576
-1.775
-2.157
-2.454
-2.692
-2.098
-1.717
-1.386
-0.946
-0.701
-0.594
-0.329
-0.148
-0.608
-1.071
-1.359
-1.71
-1.861
-1.961
-2.035
-1.929
-1.892
-1.745
-2.034
-2.242
-3.011
-3.612
-3.988
-4.155
-4.493
-4.431
-4.422
-4.273
-4.126
-3.841
-3.482
-3.351
-3.115
-2.694
-2.281
-1.869
-1.641
-1.427
-1.42
-0.966
-0.886
-0.778
-0.558
-0.129
0.384
0.907
1.364
1.694
1.679
1.613
1.117
0.933
0.705
0.491
0.591
0.368
0.169
0.169
0.303
0.213
0.21
0.485
1.008
1.256
1.554
1.527
1.608
1.288
0.751
0.213
-0.172
-0.416
-0.559
-0.768
-1.104
-1.851
-2.241
-2.588
-2.72
-2.59
-2.643
-2.623
-2.258
-2.176
-2.11
-1.56
-1.046
-0.714
-0.78
-0.444
0.467
1.191
1.577
2.227
2.672
3.24
3.457
3.24
3.044
2.716
2.594
2.888
2.905
2.609
1.794
1.045
0.311
-0.173
-0.757
-1.413
-2.033
-2.697
-3.21
-3.489
-3.739
-3.701
-3.564
-3.668
-3.542
-3.296
-3.064
-3.008
-2.665
-2.191
-2.19
-2.075
-1.49
-0.909
-0.672
-0.593
-0.526
-0.735
-1.004
-1.31
-1.426
-1.687
-1.872
-2.044
-2.288
-2.372
-2.606
-2.69
-2.714
-2.501
-2.483
-2.173
-2.241
-2.301
-2.136
-2.441
-2.746
-3.037
-3.305
-3.118
-3.334
-3.471
-3.485
-3.51
-3.678
-3.683
-3.621
-3.553
-3.213
-3.064
-2.728
-2.495
-2.242
-1.981
-1.317
-0.869
-0.48
-0.184
0.161
0.426
0.581
0.95
1.213
1.472
1.32
1.083
1.001
0.746
0.537
0.451
0.404
0.329
0.306
0.134
-0.041
0.061
-0.025
-0.287
-0.337
-0.694
-1.097
-1.165
-1.295
-1.48
-1.603
-1.674
-2.106
-2.313
-2.398
-2.532
-2.468
-2.433
-2.249
-1.975
-2.001
-1.974
-2.327
-2.553
-2.342
-2.124
-2.035
-1.98
-1.751
-1.62
-1.447
-1.258
-0.983
-0.761
-0.299
-0.105
-0.022
-0.092
-0.33
-0.672
-0.952
-1.131
-1.266
-1.568
-1.745
-1.757
-1.71
-1.697
-1.629
-1.512
-1.667
-1.678
-1.648
-1.72
-1.831
-1.862
-1.913
-1.834
-1.774
-1.688
-1.565
-1.198
-1.004
-0.871
-0.834
-0.884
-0.93
-1.045
-1.06
-1.041
-1.002
-0.842
-0.591
-0.52
-0.439
-0.349
-0.223
-0.141
0.031
0.085
0.132
0.167
0.232
0.244
0.33
0.264
0.227
0.115
0.127
0.282
0.474
0.51
0.398
0.273
0.124
-0.003
-0.299
-0.498
-0.602
-0.684
-0.693
-0.518
-0.338
-0.268
-0.3
-0.212
-0.127
0.112
0.173
0.045
-0.137
-0.127
-0.103
-0.27
-0.376
-0.246
-0.145
0.008
0.195
0.338
0.557
0.686
0.916
1.058
0.967
-0.092
0.235
0.383
0.406
0.47
0.414
0.223
0.189
0.205
0.088
0.072
0.14
0.177
0.259
0.337
0.311
0.302
0.349
0.35
0.379
0.511
0.48
0.386
0.33
0.04
-0.053
-0.077
-0.079
-0.043
0.009
-0.062
-0.338
-0.443
-0.542
-0.595
-0.568
-0.41
-0.197
0.062
0.062
0.171
0.309
0.369
0.653
1.033
1.259
1.24
1.243
1.288
1.211
1.01
0.868
0.741
0.588
0.547
0.616
0.727
0.655
0.652
0.355
0.244
-0.038
-0.447
-0.672
-0.837
