0
0
76
0
0
0
0
0
57.4988
0
0
0
99.8282
99.2965
92.2621
0
0
0
0
0
0
0
99.647
0
97.7131
94.2577
90.1037
69.2534
86.6696
74.8831
0
67.1598
19.8894
86.3728
92.5158
91.5651
0
0
0
0
99.1111
99.8691
99.6771
99.8791
95.4821
97.8462
93.102
0
99.8779
72.6539
2.36546
0
98.1481
0
0
85.0169
91.4423
62.6626
44.8795
18.0961
65.7492
21.4725
41.4994
11.3463
89.3672
26.5973
0
0
1.29481
5.19728
0
0
0
0
0
98.7601
99.3882
0
0
99.6879
99.446
0
0
0
0
99.6713
0
0
0
99.5741
0
99.6459
99.6475
88.7715
94.2272
86.3541
74.5179
19.1989
17.6829
82.2898
88.2243
68.8946
5.62184
0
1.37617
0
1.88889
2.77044
1.72643
20.7365
23.7779
0
12.2581
0
0
1.25868
9.8979
6.75085
7.14487
4.51884
6.64342
1.23392
0
0
0
0
6.12085
2.13884
7.05035
21.4408
14.8442
0
0
0
0.631584
5.007
33.7876
10.3167
15.2778
17.468
26.4063
10.378
37.7391
46.6281
17.8277
75.0809
91.2308
0
0
16.1654
95.702
0
98.9784
99.9234
0
99.2802
0
99.8368
94.4719
96.7772
0
0
0
98.3727
97.1044
95.3473
36.8568
4.0629
1.93603
11.2487
20.0893
1.11287
0
0
4.07947
2.92999
31.3925
34.0081
0
0.613312
0.267197
0
0
1.13721
3.10734
0.265472
0.738396
26.6182
0.921043
2.43114
15.3173
85.0845
99.5446
95.4913
77.9968
0
0
0
0
0
80.1223
84.6505
45.7353
12.6995
1.90477
0
11.5308
36.0058
23.1152
57.7695
2.78158
0
0.253471
2.0934
0.128532
5.59005
69.2863
99.3981
0
99.5669
0
0
0
0
0
0
99.7729
99.0297
98.8214
0
98.3418
80.2061
91.6845
66.4743
95.6584
17.7757
0
0
90.0475
0
25.3732
15.1976
0.670036
0.724655
0
27.0451
1.8837
26.1277
86.2222
92.1843
92.4643
94.5179
98.8858
96.072
97.913
91.6666
0
99.1151
65.3226
86.9373
40.2777
11.7449
2.04925
74.6269
96.8945
0
0
0
79.579
86.3813
5.5442
10.8545
49.6314
49.7394
40.5333
89.022
27.1931
25.0835
46.1792
0
73.5295
14.8649
96.7811
92.2667
98.694
0
91.9138
0
0
0
97.0218
94.6271
98.5265
95.7948
97.074
94.6392
91.0714
53.5191
50.9466
13.1915
27.7999
0
0
0
10.8053
33.2832
35.4736
10.115
8.16802
2.07352
57.5526
58.7853
56.3084
81.8653
0
0
98.1755
32.2284
10.3448
12.1952
56.7999
71.4047
26.4901
51.225
97.5148
0
84.7482
0
0
0.762901
7.645
0.635139
0
0
0
0
1.69007
0
2.53873
1.71885
0
18.6857
4.29752
13.7101
0
0
0
0
0
9.41703
19.8974
37.4359
64.0466
74.2722
92.1294
0
92.8126
95.3532
83.423
49.253
99.1465
80.3816
97.6039
0
97.3638
99.6038
0
0
98.0438
91.3176
91.8848
95.756
29.7799
28.6283
42.9224
97.0082
80.6818
20.7864
0
0
99.7429
76.875
86.8766
50.369
66.7239
1.76793
25.1177
2.10217
0
41.1658
20.948
9.32127
2.75484
0
6.05876
1.45592
10.3349
0
32.8305
6.49588
0.0627594
0
1.71553
1.6865
2.77562
5.95127
9.7953
0
6.90929
7.4659
71.0948
19.4882
74.9058
13.7384
0
0
0
0
0
2.68406
0.494812
0.931099
1.53848
5.38403
16.9142
15.9772
51.2472
33.5115
85.1756
23.8729
4.52887
26.0503
61.9671
0.896042
44.7562
5.01572
1.83292
37.7749
11.525
0
0
90.0398
96.0279
99.6506
0
94.2618
0
98.9492
0
88.7222
39.2833
0.965996
2.43494
52.0352
50.622
42.8973
7.34631
7.0801
70.0725
26.5714
83.5271
22.8819
71.927
0
97.7733
71.9635
97.2385
0
0
65.6466
92.1914
0
0
99.6638
55.3652
73.0745
91.4161
82.1115
93.9819
75.5458
70.7534
0
0
99.0423
60.5487
31.9621
0
98.9153
46.8902
0
1.14614
0
0.434532
5.25306
15.9681
9.96391
19.9323
81.7241
10.9707
40.0001
64.4272
96.748
0
0
0
98.9114
84.3928
95.2246
82.9146
88.2047
72.0645
98.843
0
0
64.0141
52.2321
24.1183
52.9039
83.2263
31.5556
37.5294
79.304
95.8268
93.2268
56.8818
31.2803
14.9237
0
0
94.4856
0
0
0
98.62
99.4015
99.7862
90.7614
0
0
99.6529
69.0731
85.6197
89.3491
76.3014
12.9161
2.35784
10.4478
4.15946
8.19369
89.4459
10.9666
0
3.66303
3.19641
93.3098
0
97.9123
94.1542
45.3488
73.1624
42.8866
0.489403
0
0
0.110992
0
97.5904
0
0
84.1111
40.119
33.09
96.1214
0
0
0
95.609
99.5074
89.8522
96.1312
98.6088
85.9185
40.029
99.9369
0
98.5222
94.9776
83.1683
87.0482
96.9907
0
0
99.8855
97.8617
0
98.7279
78.678
28.9553
1.10865
2.96661
0
0.372108
25.6831
0
0
0
95.5981
0
98.3913
94.0852
93.8726
30.6874
10.292
19.6269
13.2793
0
0
2.0168
2.42087
0
0.165298
0
66.1922
66.6667
72.5641
99.89
97.29
86.6154
99.4019
95.8791
0.900902
0
0
0
0.246452
2.09644
0.947227
7.75863
7.5217
23.0516
0
0
0
0
0
0.609756
0
2.45634
1.45161
1.63635
1.47948
7.3749
18.7638
0.379875
4.62247
24.2346
47.1864
98.5455
42.3469
23.2228
0
0
9.12162
13.9535
73.8954
0
0
0
0
0
91.2334
86.0189
12.4095
46.9082
34.8216
17.317
72.7474
11.2557
5.84273
36.5844
82.3849
39.2756
65.6566
98.7191
0
97.4269
99.936
91.0611
95.4761
55.3547
4.59872
0
0.54985
2.74318
2.60627
0
0
0
1.11185
0.977303
2.68736
18.0874
3.17351
1.83685
51.9674
13.9084
8.87578
93.918
98.929
95.626
11.628
91.0057
0
0
97.7471
0
99.9519
0
98.3049
82.2899
84.8434
66.0336
83.416
99.6191
97.1996
77.8368
0
0
0
1.41667
0
0
0
0
0
0.657768
0.475685
9.78951
13.3131
0
2.53234
11.3169
9.75089
0
18.8312
78.3783
0
1.32652
0
0
70.5448
30.3922
18.3105
0
0
0
0.732216
0
0.221466
0
0
1.953
0
0.311249
0
13.7376
0
39.0296
0
0
9.65043
0
0
0
0
6.86921
0
0
0.72879
0
0
0.169014
0.188759
0
14.2112
0
21.2133
8.3629
23.8717
21.5331
0
98.1533
97.7778
94.9793
99.277
99.6836
94.9384
0
0
0
65.3846
33.0421
49.2853
12.1857
0
17.8686
33.9822
29.8333
52.7408
0
0
79.8674
40
0
12.1435
0
0
5.10618
2.06187
0
0
0
0
1.04208
2.40947
0
2.64349
2.50549
13.4821
32.5186
0
0
0
0
16.7635
14.6342
8.44055
5.73248
19.4723
11.5803
23.1406
33.2732
76.1847
77.4568
0
89.617
76.7055
27.8121
0
0
0
0.379395
0
0
0.326805
3.97553
5.33712
6.26402
7.49855
25.8143
0
0.717613
0.523361
0
0
0.177353
0
2.26076
1.46386
1.37524
4.2648
71.4732
50.3467
29.6248
3.95605
0
0
0
1.72887
1.62094
6.19562
41.7409
83.6384
30.4844
51.6597
55.9717
81.3559
86.6032
0
89.491
87.9218
90.3052
96.9379
87.3072
0
39
32.5222
0.0881958
36.2283
0
0
95.2956
25.7245
7.59493
2.31838
1.63082
0
0.862862
2.10233
0.868004
6.87527
65.8479
81.8047
63.8285
31.3253
77.6488
94.1674
0
93.7665
17.9488
0.666664
39.5238
42.7413
0
2.29626
73.5049
63.4351
87.6777
97.1526
97.839
0
98.9808
0
99.7719
83.0723
0
97.8784
86.4168
66.7068
75.0001
45.3427
21.4793
40.3813
60.485
25.8213
51.6526
84.5869
85.692
62.9823
98.9925
83.2388
94.4927
99.4414
93.8031
96.2963
0
87.3958
22.1255
41.302
0
5.73021
14.3661
80.9659
41.8089
69.2833
15.238
0
5.7953
6.68788
6.44051
20.9194
92.0515
99.4734
0
63.7576
97.6213
99.4265
96.6507
0
0
99.5013
88.0187
89.0259
94.8364
83.6424
39.8935
56.7156
36.0152
23.211
48.3411
89.1439
99.6169
72.5212
96.2921
0
31.2211
0
0
1.19367
1.30319
