0
0.042
0.095
0.038
-0.114
-0.109
-0.015
0.248
0.419
0.7
1.138
1.669
2.2
2.682
3.028
3.437
3.913
4.417
4.928
5.388
5.764
6.116
6.363
6.54
6.58
6.48
6.263
5.928
5.545
5.118
4.737
4.297
3.819
3.38
2.994
2.635
2.473
2.465
2.585
2.784
2.97
3.134
3.272
3.362
3.393
3.393
3.336
3.261
3.169
3.007
2.741
2.39
2.109
1.895
1.716
1.542
1.377
1.213
1.037
0.835
0.665
0.49
0.331
0.177
0.101
0.031
-0.104
-0.285
-0.458
-0.598
-0.775
-0.71
-0.469
-0.117
0.347
0.804
1.244
1.643
2.004
2.32
2.583
2.828
3.059
3.371
3.693
3.967
4.178
4.315
4.476
4.603
4.757
4.88
4.95
4.881
4.739
4.519
4.218
3.795
3.334
2.952
2.638
2.347
2.015
1.607
1.193
0.747
0.344
-0.011
-0.318
-0.547
-0.699
-0.849
-0.957
-1.09
-1.307
-1.509
-1.632
-1.706
-1.732
-1.738
-1.724
-1.71
-1.727
-1.81
-1.948
-2.114
-2.212
-2.268
-2.27
-2.214
-2.134
-2.11
-2.19
-2.335
-2.475
-2.559
-2.519
-2.448
-2.348
-2.23
-2.089
-1.966
-1.824
-1.664
-1.516
-1.345
-1.158
-0.928
-0.666
-0.49
-0.315
-0.065
0.193
0.452
0.766
1.067
1.356
1.609
1.786
1.907
2.026
2.134
2.263
2.357
2.391
2.376
2.261
2.039
1.777
1.516
1.272
1.019
0.729
0.404
0.113
-0.148
-0.333
-0.459
-0.69
-0.945
-1.193
-1.414
-1.629
-1.8
-1.913
-1.997
-2.044
-2.019
-1.973
-1.911
-1.824
-1.648
-1.427
-1.203
-1.007
-0.786
-0.518
-0.191
0.186
0.561
0.812
0.994
1.068
1.042
0.934
0.722
0.529
0.389
0.265
0.19
0.056
-0.181
-0.455
-0.703
-0.931
-1.102
-1.154
-1.067
-0.774
-0.405
0.02
0.481
0.932
1.374
1.798
2.199
2.542
2.803
2.981
3.108
3.155
3.093
2.974
2.801
2.618
2.392
2.113
1.787
1.52
1.342
1.146
0.934
0.676
0.414
0.149
-0.047
-0.219
-0.34
-0.373
-0.341
-0.263
-0.164
-0.032
0.107
0.238
0.345
0.483
0.619
0.685
0.732
0.731
0.685
0.612
0.557
0.533
0.594
0.698
0.816
0.882
0.912
0.84
0.722
0.614
0.518
0.429
0.398
0.347
0.289
0.237
0.255
0.269
0.245
0.253
0.283
0.342
0.415
0.473
0.591
0.737
1.012
1.277
1.496
1.71
1.883
2.03
2.122
2.166
2.108
1.991
1.793
1.582
1.322
0.952
0.497
0.124
-0.137
-0.308
-0.48
-0.655
-0.853
-0.949
-0.981
-0.966
-0.914
-0.734
-0.456
-0.151
0.016
0.071
0.07
0.083
0.127
0.148
0.171
0.27
0.455
0.603
0.569
0.319
-0.023
-0.331
-0.646
-0.955
-1.247
-1.563
-1.909
-2.204
-2.548
-2.823
-3.044
-3.264
-3.316
-3.312
-3.24
-3.205
-3.178
-3.208
-3.312
-3.517
-3.613
-3.567
-3.402
-3.115
-2.748
-2.333
-1.825
-1.366
-0.927
-0.565
-0.323
-0.014
0.245
0.501
0.796
1.043
1.265
1.499
1.727
1.902
2.011
2.062
2.084
1.995
1.821
1.639
1.496
1.36
1.197
1.165
1.223
1.312
1.335
1.349
1.292
1.213
1.02
0.818
0.589
0.313
0.124
-0.017
-0.162
-0.321
-0.524
-0.68
-0.823
-0.92
-1.037
-1.072
-1.108
-1.16
-1.316
-1.49
-1.651
-1.784
-1.861
-1.876
-1.896
-1.882
-1.84
-1.707
-1.579
-1.415
-1.284
-1.229
-1.25
-1.366
-1.602
-1.969
-2.296
-2.629
-2.92
-3.151
-3.3
-3.335
-3.297
-3.139
-2.944
-2.657
-2.422
-2.242
-2.06
-1.864
-1.703
-1.532
-1.385
-1.261
-1.116
-0.986
-0.894
-0.838
-0.72
-0.532
-0.316
-0.062
0.139
0.367
0.568
0.824
1.001
1.05
0.934
0.739
0.612
0.518
0.455
0.339
0.189
0.117
0.04
0.032
-0.016
-0.03
0.021
0.102
0.154
0.21
0.142
-0.013
-0.087
-0.084
0.066
0.296
0.54
0.679
0.775
0.869
0.937
1.008
1.027
1.028
1.108
1.222
1.321
1.331
1.271
1.292
1.354
1.327
1.173
0.969
0.649
0.293
-0.02
-0.27
-0.492
-0.66
-0.69
-0.732
-0.749
-0.72
-0.583
-0.353
-0.031
0.385
0.796
1.082
1.315
1.478
1.6
1.648
1.732
1.844
2.027
2.087
2.054
1.936
1.785
1.647
1.478
1.296
1.152
1.076
1.029
0.958
0.846
0.697
0.716
0.855
0.996
1.227
1.559
2.02
2.454
2.861
3.216
3.436
3.638
3.894
4.14
4.173
4.105
3.99
3.801
3.482
3.077
2.672
2.257
1.855
1.594
1.318
1
0.681
0.394
0.23
0.225
0.273
0.344
0.354
0.36
0.338
0.254
0.081
-0.126
-0.326
-0.604
-0.618
-0.466
-0.204
0.025
0.139
0.166
0.271
0.54
1.042
1.666
2.208
2.719
3.088
3.361
3.568
3.658
3.554
3.529
3.622
3.702
3.719
3.624
3.467
3.308
3.165
3.13
3.125
3.107
3.133
3.161
3.078
2.846
2.475
2.056
1.599
1.157
0.82
0.724
0.762
0.883
1.008
1.223
1.431
1.574
1.685
1.629
1.41
1.143
0.848
0.449
-0.018
-0.459
-0.845
-1.234
-1.604
-1.937
-2.019
-1.974
-1.848
-1.627
-1.388
-1.175
-0.942
-0.713
-0.659
-0.738
-0.882
-1.089
-1.289
-1.472
-1.633
-1.727
-1.791
-1.804
-1.883
-1.99
-2.27
-2.634
-3.004
-3.324
-3.653
-3.885
-4.057
-4.149
-4.174
-4.115
-3.964
-3.807
-3.621
-3.367
-3.063
-2.726
-2.413
-2.124
-1.908
-1.629
-1.405
-1.21
-1.009
-0.75
-0.427
-0.052
0.347
0.73
1.014
1.202
1.211
1.167
1.07
0.935
0.852
0.723
0.567
0.444
0.389
0.324
0.282
0.326
0.501
0.701
0.929
1.096
1.245
1.273
1.149
0.915
0.637
0.361
0.107
-0.142
-0.422
-0.83
-1.24
-1.635
-1.958
-2.158
-2.316
-2.426
-2.409
-2.372
-2.321
-2.127
-1.839
-1.53
-1.313
-1.064
-0.635
-0.121
0.36
0.893
1.409
1.938
2.385
2.658
2.811
2.835
2.806
2.852
2.885
2.822
2.552
2.142
1.638
1.134
0.605
0.039
-0.548
-1.169
-1.77
-2.291
-2.736
-3.048
-3.235
-3.395
-3.473
-3.457
-3.374
-3.287
-3.124
-2.871
-2.678
-2.503
-2.219
-1.85
-1.513
-1.242
-1.025
-0.919
-0.915
-1.001
-1.096
-1.238
-1.402
-1.579
-1.781
-1.955
-2.149
-2.313
-2.439
-2.472
-2.491
-2.419
-2.38
-2.364
-2.305
-2.34
-2.443
-2.597
-2.783
-2.876
-3.003
-3.139
-3.244
-3.329
-3.439
-3.519
-3.557
-3.564
-3.475
-3.371
-3.201
-3.01
-2.8
-2.572
-2.223
-1.843
-1.455
-1.087
-0.725
-0.385
-0.094
0.218
0.519
0.808
0.976
1.032
1.046
0.985
0.879
0.772
0.677
0.581
0.499
0.388
0.26
0.195
0.125
0.006
-0.092
-0.26
-0.492
-0.682
-0.859
-1.039
-1.203
-1.347
-1.568
-1.784
-1.968
-2.137
-2.24
-2.307
-2.307
-2.231
-2.18
-2.133
-2.185
-2.28
-2.295
-2.246
-2.187
-2.128
-2.027
-1.92
-1.793
-1.649
-1.462
-1.26
-0.989
-0.738
-0.529
-0.392
-0.355
-0.42
-0.546
-0.69
-0.838
-1.033
-1.232
-1.388
-1.494
-1.569
-1.603
-1.593
-1.622
-1.644
-1.651
-1.67
-1.712
-1.751
-1.794
-1.806
-1.8
-1.775
-1.721
-1.583
-1.429
-1.277
-1.151
-1.07
-1.02
-1.015
-1.015
-1.012
-1.001
-0.956
-0.859
-0.769
-0.68
-0.59
-0.487
-0.387
-0.266
-0.162
-0.071
0.003
0.073
0.127
0.189
0.217
0.226
0.202
0.185
0.212
0.283
0.345
0.36
0.339
0.282
0.207
0.073
-0.079
-0.221
-0.351
-0.454
-0.485
-0.459
-0.42
-0.396
-0.353
-0.294
-0.183
-0.083
-0.04
-0.056
-0.068
-0.073
-0.122
-0.187
-0.202
-0.188
-0.141
-0.056
0.047
0.185
0.322
0.486
0.649
0.748
0.54
0.47
0.454
0.445
0.453
0.441
0.38
0.321
0.279
0.218
0.184
0.172
0.17
0.19
0.225
0.245
0.26
0.285
0.303
0.327
0.379
0.409
0.407
0.389
0.297
0.204
0.128
0.07
0.036
0.024
-0.006
-0.101
-0.199
-0.298
-0.382
-0.436
-0.434
-0.377
-0.266
-0.183
-0.091
0.019
0.118
0.27
0.485
0.706
0.864
0.98
1.075
1.126
1.11
1.058
0.984
0.884
0.793
0.739
0.728
0.701
0.679
0.586
0.489
0.344
0.128
-0.091
-0.298
